Baseline node2vec results with multi-true-kinase evaluation
===========================================================
held_out_top_1_accuracy: 0.0005802146794313896
held_out_top_5_accuracy: 0.08442123585726719
held_out_top_10_accuracy: 0.10748476936466493
held_out_top_20_accuracy: 0.22019147084421237
held_out_n_ranked: 6894.0
held_out_n_missing_rank: 15.0
held_out_mean_rank: 106.42457209167392
held_out_median_rank: 75.0
adjusted_held_out_top_1_accuracy: 0.000725268349289237
adjusted_held_out_top_5_accuracy: 0.08442123585726719
adjusted_held_out_top_10_accuracy: 0.11589788221642007
adjusted_held_out_top_20_accuracy: 0.2209167391935016
adjusted_held_out_n_ranked: 6894.0
adjusted_held_out_n_missing_rank: 15.0
adjusted_held_out_mean_rank: 104.95880475776038
adjusted_held_out_median_rank: 74.0
best_true_top_1_accuracy: 0.003763207410623824
best_true_top_5_accuracy: 0.27152988855116517
best_true_top_10_accuracy: 0.31856998118396296
best_true_top_20_accuracy: 0.5517441018960776
best_true_n_ranked: 6909.0
best_true_n_missing_rank: 0.0
best_true_mean_rank: 40.34679403676364
best_true_median_rank: 15.0
n_trials: 6909.0
mean_n_true_kinases_per_site: 3.9326964828484585