Baseline node2vec results with multi-true-kinase evaluation
===========================================================
held_out_top_1_accuracy: 0.0001450536698578474
held_out_top_5_accuracy: 0.008558166521612997
held_out_top_10_accuracy: 0.01392515230635335
held_out_top_20_accuracy: 0.021612996808819264
held_out_n_ranked: 6894.0
held_out_n_missing_rank: 15.0
held_out_mean_rank: 187.5082680591819
held_out_median_rank: 176.0
adjusted_held_out_top_1_accuracy: 0.0001450536698578474
adjusted_held_out_top_5_accuracy: 0.008558166521612997
adjusted_held_out_top_10_accuracy: 0.014215259646069046
adjusted_held_out_top_20_accuracy: 0.022048157818392804
adjusted_held_out_n_ranked: 6894.0
adjusted_held_out_n_missing_rank: 15.0
adjusted_held_out_mean_rank: 186.03988975921092
adjusted_held_out_median_rank: 174.0
best_true_top_1_accuracy: 0.0004342162396873643
best_true_top_5_accuracy: 0.030829353017802867
best_true_top_10_accuracy: 0.04689535388623534
best_true_top_20_accuracy: 0.06961933709654074
best_true_n_ranked: 6909.0
best_true_n_missing_rank: 0.0
best_true_mean_rank: 116.9872629903025
best_true_median_rank: 116.0
n_trials: 6909.0
mean_n_true_kinases_per_site: 3.9326964828484585