Baseline node2vec results with multi-true-kinase evaluation
===========================================================
held_out_top_1_accuracy: 0.0039164490861618795
held_out_top_5_accuracy: 0.008558166521612997
held_out_top_10_accuracy: 0.01508558166521613
held_out_top_20_accuracy: 0.02175805047867711
held_out_n_ranked: 6894.0
held_out_n_missing_rank: 15.0
held_out_mean_rank: 191.86045836959676
held_out_median_rank: 189.0
adjusted_held_out_top_1_accuracy: 0.0039164490861618795
adjusted_held_out_top_5_accuracy: 0.008558166521612997
adjusted_held_out_top_10_accuracy: 0.01508558166521613
adjusted_held_out_top_20_accuracy: 0.02175805047867711
adjusted_held_out_n_ranked: 6894.0
adjusted_held_out_n_missing_rank: 15.0
adjusted_held_out_mean_rank: 190.39208006962576
adjusted_held_out_median_rank: 188.0
best_true_top_1_accuracy: 0.010565928499059199
best_true_top_5_accuracy: 0.023881893182805036
best_true_top_10_accuracy: 0.044145317701548704
best_true_top_20_accuracy: 0.0835142567665364
best_true_n_ranked: 6909.0
best_true_n_missing_rank: 0.0
best_true_mean_rank: 114.58865248226951
best_true_median_rank: 78.0
n_trials: 6909.0
mean_n_true_kinases_per_site: 3.9326964828484585