Baseline node2vec results with multi-true-kinase evaluation
===========================================================
held_out_top_1_accuracy: 0.0004342162396873643
held_out_top_5_accuracy: 0.007815892314372557
held_out_top_10_accuracy: 0.04038211029092488
held_out_top_20_accuracy: 0.10088290635403098
held_out_n_ranked: 6909.0
held_out_n_missing_rank: 0.0
held_out_mean_rank: 139.95903893472283
held_out_median_rank: 107.0
best_true_top_1_accuracy: 0.0013026487190620929
best_true_top_5_accuracy: 0.029381965552178316
best_true_top_10_accuracy: 0.12881748444058475
best_true_top_20_accuracy: 0.29324070053553336
best_true_n_ranked: 6909.0
best_true_n_missing_rank: 0.0
best_true_mean_rank: 64.0913301490809
best_true_median_rank: 39.0
n_trials: 6909.0
mean_n_true_kinases_per_site: 3.9326964828484585