Baseline node2vec results with multi-true-kinase evaluation
===========================================================
held_out_top_1_accuracy: 0.0015921262121870025
held_out_top_5_accuracy: 0.0070921985815602835
held_out_top_10_accuracy: 0.025618758141554496
held_out_top_20_accuracy: 0.07975104935591258
held_out_n_ranked: 6909.0
held_out_n_missing_rank: 0.0
held_out_mean_rank: 148.80330004342161
held_out_median_rank: 125.0
best_true_top_1_accuracy: 0.00998697351280938
best_true_top_5_accuracy: 0.029237226805615864
best_true_top_10_accuracy: 0.08858011289622232
best_true_top_20_accuracy: 0.22839774207555363
best_true_n_ranked: 6909.0
best_true_n_missing_rank: 0.0
best_true_mean_rank: 76.31306990881458
best_true_median_rank: 63.0
n_trials: 6909.0
mean_n_true_kinases_per_site: 3.9326964828484585