Baseline node2vec results with multi-true-kinase evaluation
===========================================================
held_out_top_1_accuracy: 0.0030461270670147957
held_out_top_5_accuracy: 0.009283434870902234
held_out_top_10_accuracy: 0.017551494052799536
held_out_top_20_accuracy: 0.026979982593559618
held_out_n_ranked: 6894.0
held_out_n_missing_rank: 15.0
held_out_mean_rank: 177.2966347548593
held_out_median_rank: 167.0
adjusted_held_out_top_1_accuracy: 0.0030461270670147957
adjusted_held_out_top_5_accuracy: 0.009283434870902234
adjusted_held_out_top_10_accuracy: 0.01784160139251523
adjusted_held_out_top_20_accuracy: 0.026979982593559618
adjusted_held_out_n_ranked: 6894.0
adjusted_held_out_n_missing_rank: 15.0
adjusted_held_out_mean_rank: 175.8269509718596
adjusted_held_out_median_rank: 165.0
best_true_top_1_accuracy: 0.008829063540309741
best_true_top_5_accuracy: 0.021421334491243307
best_true_top_10_accuracy: 0.046316398899985525
best_true_top_20_accuracy: 0.08727746417716023
best_true_n_ranked: 6909.0
best_true_n_missing_rank: 0.0
best_true_mean_rank: 108.59704732957013
best_true_median_rank: 83.0
n_trials: 6909.0
mean_n_true_kinases_per_site: 3.9326964828484585