Baseline node2vec results with multi-true-kinase evaluation
===========================================================
held_out_top_1_accuracy: 0.0017406440382941688
held_out_top_5_accuracy: 0.07049608355091384
held_out_top_10_accuracy: 0.09355961705831158
held_out_top_20_accuracy: 0.10632434000580215
held_out_n_ranked: 6894.0
held_out_n_missing_rank: 15.0
held_out_mean_rank: 128.02364374818683
held_out_median_rank: 81.0
adjusted_held_out_top_1_accuracy: 0.0017406440382941688
adjusted_held_out_top_5_accuracy: 0.07107629823034523
adjusted_held_out_top_10_accuracy: 0.09355961705831158
adjusted_held_out_top_20_accuracy: 0.10632434000580215
adjusted_held_out_n_ranked: 6894.0
adjusted_held_out_n_missing_rank: 15.0
adjusted_held_out_mean_rank: 126.55773136060343
adjusted_held_out_median_rank: 79.0
best_true_top_1_accuracy: 0.0060790273556231
best_true_top_5_accuracy: 0.22217397597336808
best_true_top_10_accuracy: 0.2790563033724128
best_true_top_20_accuracy: 0.31799102619771313
best_true_n_ranked: 6909.0
best_true_n_missing_rank: 0.0
best_true_mean_rank: 52.253727022723986
best_true_median_rank: 34.0
n_trials: 6909.0
mean_n_true_kinases_per_site: 3.9326964828484585